500 10 2.0 2
9.70260016428874 -1.32431784833099 -0.01902184522051301
7.949801042108414 3.239918385490831 -1.3634938451540701
3.978626454329752 -2.7059873020482232 0.7621460330522104
2.3622129807578895 5.1739810440629395 4.518884096934854
1.2213023907291944 -3.4760808829996983 -2.1364789122327927
9.156333797684765 2.990556655296075 -1.7827748460959474
4.957360354750509 1.3629697122523066 2.4497119061285817
2.049815281046743 -6.188306444071999 -9.516760616713114
5.960163178151439 -2.8265484081954453 2.223459417673612
2.237604319035829 -1.3408227982266974 1.8664589761946742
4.213943117311536 2.719627740284685 1.1922557243179852
3.0884949375554704 -2.4681935213008432 -3.4743599465663837
1.4791426885184782 -0.4265727202017726 -2.8617798690210976
1.5953358038781924 -2.8439672361480848 -0.27036832296893
4.87658982217753 -0.2660276759925176 -1.230434316739596
9.110962766468708 -2.2602642031830653 3.5895388781786277
6.98659307149936 -4.084556612883661 1.6999308625661522
9.195221861965674 1.9100692797008898 1.1609571161139935
9.437255710547028 1.263833138658036 -0.2804369058692055
1.670669214117693 2.111972758608632 -1.092061631455315
2.165806055492694 -2.0844764287304143 -1.7618967051912104
3.7390754935127113 -0.5238309089101066 1.2733766461308207
4.934021228280057 2.018712272297841 0.8322167579566049
3.377299170208586 4.679076561574459 -1.9745683497451616
1.0279716000163277 2.967636138840815 1.0624390017099603
1.6056395282900526 2.8938616071606096 1.8619632904472412
3.229952332559543 -1.1072310511466923 -0.7641773464002771
5.231191427927057 -0.33161986076547456 -0.2622757762968289
7.301724025745907 2.2078664475452583 -1.947867385016962
3.879422399051568 0.4920031733125245 0.7198505043429246
1.7864672337931529 -4.214128421608001 -3.79462932801314
3.371764500397367 2.1385949050804407 -0.8699070060876507
1.907952177600122 1.8871324118380153 1.3257039042149072
3.7207919750583045 0.6751299477720416 -0.4526427250732463
9.138261320605768 -2.3381919624123793 -0.38559815824102095
6.402919519811118 1.0906697702775139 0.9924707327992545
9.861741985899569 -4.377946948499665 0.7665696488251215
4.792138158646762 -0.8627051334379195 -0.584288361630011
3.0669861989021157 1.6782959852583201 -1.1880592599473692
1.8015999477815001 -0.0806648601305201 -0.028433014467121882
5.045069661502923 1.7105082542671433 1.2554967181499554
5.552141735005372 1.180268071939825 0.6975767114205345
3.1672237972677095 -0.8939339076862004 -0.544301821257898
1.8707405881324646 -2.8589793378848367 0.728978673826009
2.903996962912812 -2.354244509384615 -2.764514688556377
7.414175306740627 2.947765177464629 1.5144777639576599
2.48202903332461 -1.489865766669162 2.788091072203005
5.781745182009524 1.3102871735479942 0.8882782306802632
2.7104530558439275 0.7271286170173829 -3.4037818776876927
3.371568486768385 -1.6358414926733946 1.9847269364543807
8.257216823477409 -0.8573391707021619 1.7139703905882306
9.841617998440721 -1.8129964259921747 -2.033995928158134
4.926664010135502 0.3956770689923586 -4.535202864258758
2.6280978284936527 -1.47884896348214 -1.6676167796130756
2.791637618089295 -0.9196058368024972 2.508822434036286
7.786290894129664 3.497480605942761 -0.3833733688328565
3.334316641033662 -2.088828279018827 -2.985711619724686
1.4751263109799746 2.9409186821627884 -1.3378945337853203
9.296362771102508 -1.9735308907572788 -1.889941310468009
4.655540078668463 2.7695343215854957 -0.17386422414649425
2.085737334693368 -0.14438870686387595 -4.600079562114959
3.748326074646557 -0.5390727395121051 0.7992598875647482
5.2646848352431626 -0.0443900388251863 -0.7228754818918152
9.335543309168322 0.5420473848804116 -3.8413252464898497
2.146721273402453 0.3881351656359749 1.8564020629639606
6.669264558337323 3.3759614090934127 4.767510781497391
7.5914277538699375 -4.5254394414647185 -0.775960998142891
7.184406071471324 -2.910529723685565 -0.42295161864700276
2.231164608624513 -4.428620085690438 -5.040021677323216
6.891511579419772 0.1189062033236873 -2.4186313192128415
3.268999007484773 1.0671926465086239 -4.090207259111368
8.641022350080725 -0.8014564775400789 -1.5904741915650222
2.160583930149595 -1.7451242459972316 -1.2231035065806544
7.465723015754254 -0.9007083733904362 3.7684523803591166
6.136534494014112 -0.8614962316089395 0.1383961822329268
7.195211543617234 0.9546439558603953 1.048757607543573
6.356030863530565 1.9209100299654183 -1.8551809329484155
5.862001048141569 1.3937867990426944 0.31429847242760234
6.589998900516547 0.6624674692933458 0.11580193247728549
9.662535608860829 0.5937926099602855 2.495700263698558
9.248401711753935 -0.7877433226243802 0.10394373034192679
2.80727605210047 -1.4940948708031694 2.794047630893756
8.027035169687329 1.6828111961265986 0.8063510037264863
4.569579127845163 -1.891855347287469 1.3645238839564204
3.54969793056211 0.5664009877102424 -1.9601285720910204
5.748443091350659 0.39947055854830277 -3.2527355279818
7.958771554555766 0.4809694700185483 0.04838815521207707
3.689986172498468 -0.9408354045884524 -2.0879280272122216
1.2655451978447845 3.43999134860649 -1.5127183438402205
1.5340924334509145 -0.7169220494339786 -1.6926728115439824
4.040369886940617 -2.8440149779517623 0.5305993927056698
2.1505581956642508 2.4498538419756235 3.7795684510255034
5.980091326996837 1.0773831969385121 3.1605240795113105
3.887256369769748 -0.4587628447714408 0.7189429151445929
6.172922604000774 3.3963415351562913 -1.9508087703359873
2.759710302625777 -0.4951696798726196 0.29699764399881295
3.3064595218155013 -3.047234268195064 -4.3081847469540735
3.2222851630406213 -2.5518668108936415 -1.822172678187598
4.421391704975154 1.9994760498183255 -1.2244291470596729
4.470596426582643 1.1750301325234505 0.5957391181381879
9.855473794300845 2.470256166685032 1.9798963487428647
2.1274415146534076 3.3702566102146934 1.5574803472768561
5.559726935980866 -0.732065749424632 1.2101041722578845
6.683980877676073 -1.5115937016458556 -2.723446321092001
9.258337172592375 -3.6184133420987945 1.3867537173169735
9.362120268708582 -1.3088458751168566 2.7710776664576486
1.0827427047059048 3.7105386785366563 -0.712683867744142
2.116774564056247 -1.088785166412214 2.57864015822665
9.18852688751054 0.10499946152394404 0.1050099004436125
8.770844576873223 -1.052180184784444 -2.4114403386452516
2.9973679505029556 3.3798975720866116 0.6957782186538823
3.266415993439923 -1.5674310212479152 -2.6230027668357527
6.310841810374161 2.5544036126154444 -1.1268949963559654
8.41475725502875 0.6845806727769529 2.891975822905219
1.3064190497945247 1.2004804416786963 -2.243351194996255
4.5283587368257905 -0.8165152768429949 3.7017652105925953
2.3227579748841927 0.19772188565791005 0.34602472018624836
4.792571731260185 1.3602129915513053 1.0335076799631524
6.8675624610497925 0.39591917748198857 -2.0767912628546217
4.664928972728021 0.055121050748439177 4.555988755796406
3.679666158981473 -1.8655217054492264 1.98185318168489
7.92220857845526 2.6614770677987725 2.6482748288067657
7.431143690753895 2.161294343823049 -1.5449923507747305
3.1959701901374946 -0.5107330320205294 -1.0780297623161852
9.22129463231728 1.0298496509986304 -0.6030881190083891
1.2431727673644608 3.740797385054784 -2.482556785316434
5.8872457823602256 -1.4674363407541646 2.210096251817619
2.4083941393656683 3.1267827407359214 -0.7297578876191667
2.6629225782791988 -0.043994842743247574 0.15888680567616004
4.739961023200488 0.5539672078349026 2.4234232100567734
2.383086914069896 1.9213575257184505 -2.2771283362658137
3.948346117480374 1.880293639147796 3.0921118214861973
6.564597680490764 -0.3239670688043491 1.9776138041456366
5.85281033087638 -0.3445551302848432 2.43334608862315
5.956552113819011 3.6078446184973485 0.7395575371867827
1.7107920053372965 -2.797697110666841 -4.84882647022492
9.247472063383093 0.49955882568843063 -1.343573945625188
4.276603203248502 1.5438784044799616 1.5646012278627472
7.891335820152531 2.176195462089515 -0.40163021154490347
8.361410090330889 -3.688889352762233 -1.651169867734511
7.634123681847345 0.6525706115407152 2.6813938655088574
1.1711555241915923 1.297731193952413 0.8565634965403469
7.552593350747966 1.7547581000052015 -3.491055221783915
8.558229898131838 3.2317360200713106 1.5946296081369633
2.8779471723116212 0.5818698907036424 -1.2978527845831551
3.865216151385064 1.9401382793712805 -2.0246253966490526
2.256084190369427 3.1549257323491386 1.2585576895296169
4.8905566486213266 2.2372109803299596 -0.8820347500533232
9.91042065263332 0.9184825441643305 1.9188817122603683
1.5658158373897964 4.310995555636998 1.5477675921080167
7.882875291093617 0.1534533937978248 4.41312610890742
6.118530219407493 -2.292568848719707 -0.22230626918545107
5.146968150543994 -3.4104203590387376 -0.5453514595660808
1.1187115689299263 -1.1949836931348405 3.7040859864246745
3.230841757002443 0.7087728835595468 0.661395483530725
9.006513158734329 0.44056676380070464 -0.8247085337724204
2.997591447327257 -1.9544782061815054 1.0097592060373355
2.134598803545996 -1.2314464618801266 -1.9110635319114637
8.20455814420956 1.6195548437533591 -1.016858372576147
7.368645323449679 1.6871185614579147 -1.6603834195703515
1.6235696879620258 -1.2677073752950692 4.797345815698791
3.943671057136937 3.113396730998634 1.9434133417000548
3.917860916206 -4.511275259507193 -0.030517757488247334
1.98883250374938 1.0541708755951897 -1.2499496865205237
9.017934442113237 -0.024162758919459137 -1.779969838223089
3.8797975798915774 -0.41458263723555744 -1.2889968304106596
9.040032032587343 0.15035267559309273 -3.1424123023519073
3.018133200495905 -1.1688515945349138 1.2964693713245221
7.82158429011233 1.6264580642657387 -1.2285623855564132
1.4931825606514983 0.007222802577662373 0.2634230274543619
8.327439306178086 -3.8238912160368677 -1.719625740679002
7.074322475215876 -3.038151910510708 1.5435558819140676
3.895760875793222 2.8862313924646514 -0.506873564581985
2.3267066064609825 -1.3560479227172304 -3.024471260166174
5.916703334555401 0.175922594782506 3.5257980461980485
3.1358847161445764 0.36791258483563144 -0.17460694809251476
6.148269339691677 1.0778494871944748 1.0106476604460175
5.278225045259302 -1.1684237903052102 0.6610133947894729
6.7748549165061736 -0.5769250085395131 -4.176444654683022
7.832138541665372 -2.505549614858708 6.097447321492302
8.850450404980059 1.0889354994052507 -0.4553355391927398
4.508165511324544 -2.7933184641813362 -5.9107130682674685
7.085451750232037 1.300883312036525 3.712589562940886
7.194807959466525 -0.17861632304136768 -4.391713811012915
2.446129171869918 1.8017620117736277 3.2772203939134914
5.095072155411239 -0.27466738462280327 -1.8287217579268629
5.152052209058394 0.9974739326079893 -1.1628004057137684
6.186769231081408 -3.401135453479746 0.5725344393724517
8.673304657973215 2.1816806545040524 0.6261803958095831
7.769264969053054 4.055615042909789 -6.535149522891459
3.4588154215715186 -0.6815647116028763 0.21856984570442453
4.750370803189923 1.0334002010673327 0.7417332122313672
7.335550218589776 1.1908832600169008 -1.5797441502326104
9.390658407821217 5.57270599450855 -1.0643343878164324
6.428962683239302 2.592109254005708 -0.4720150460496744
9.327539363750228 0.8835346008239762 -0.4608414359244764
6.820322575395872 -1.8221175274080477 -4.591679935944531
1.6189240479494065 -1.1157580238493148 -0.5887787903306844
2.329934135116098 -5.192033666793943 -1.3788458589158894
4.455905614807721 -3.7858961662046138 2.3836938390735547
2.1339567952925815 2.8743558111449268 0.4898226906741352
3.642506033059902 1.261736308872597 2.506657825820005
7.472796698363879 -1.4625277600062854 -2.6850734897680772
6.9170364613275686 1.9606563826187744 -2.4138654489962
5.673924346142735 -0.7804933146771571 -3.1962483752111637
3.58048019078361 -2.011275663639155 -1.9227308163559291
1.587496223286574 -0.36455747028319746 4.020705774772924
5.781768093613717 5.955658804337732 1.6603507727361844
3.957265145457813 -1.3153379444266688 -1.3105592326658528
1.2640944359393802 1.3068989636425827 1.0599845103382968
8.882844979033635 1.7880471001079687 2.099881024687492
7.2871696716839205 -0.3054699813701769 0.9201468322960557
7.388063706467124 4.148807985199527 0.7710968682692787
1.6321276839129175 2.6496058080894964 1.8665296497697035
5.483660424317752 1.193248059974038 1.0611412435864478
4.699015383436102 2.3359195802774577 0.7795615791499505
8.413375187836804 -2.802013851487999 0.6137871428158808
9.559248372674075 -0.33285453905581436 1.1404969872735675
5.408755514678225 -0.4120649898908078 -1.256981606671674
6.018707772198163 -1.7952445264925692 -2.8129347855025215
3.855005094374238 1.949343517239204 1.4973542856276414
2.7183592221156005 3.3714398009576683 1.1880725147547326
3.0314774674960088 3.5321887695035183 1.0155601243735808
9.67519996935594 1.6131990364193223 -0.5694114300868348
2.15191806678897 1.0588259767234416 1.4688625480999167
1.731167308384875 2.348523368213203 -0.9297667752122598
1.983879092529584 -2.0483755344915515 -0.20933752725647176
2.4733845149668414 -0.594376540996256 1.5070986475068797
7.8464913469383895 -2.4853628494372306 -0.6646669017745733
3.1840147223436985 -1.2904910483698666 -0.670978268322565
4.273097806014446 -3.350566625824675 -3.373455153253482
9.599174110652315 1.3482157914983859 0.6323447480755197
8.858973258678645 -0.04227690630811867 -1.2169870043627564
6.378561105420408 -0.19541989709350285 -0.5630615327974163
2.4032799322870244 0.5348743753141795 4.048227176160513
1.1753984582686345 -3.9701310712090727 -0.6073108277750735
2.4858604786285627 0.14242584925472615 3.101328062488492
6.980445329329869 1.0459607191779074 -2.1388350016378657
5.260180937558171 -1.4430144502410538 2.775936214679415
8.626691522740899 0.35490230428218167 0.7412390758776224
3.991261483493478 -0.9331976162978369 -0.4932251108309443
5.187725147292465 0.6597857359336913 0.8749223298357055
6.973734779540356 -2.383447977083201 -2.7232301355669395
8.630299708993281 0.1842917963349409 -4.21563927325223
8.653881628290982 -3.53300797383817 -1.3259718481128528
5.469049159873215 -1.5228725267789927 2.1610855397394477
2.3504723024243863 -0.8322883623909576 -0.16726491484732642
3.7978211760107703 3.9966030387119944 -0.09304657479189969
3.373635570000525 -3.121981658134022 -6.337351176779237
8.543326376385142 -0.17466733336275572 -1.4603251584142443
6.240670135217933 2.7914030527788385 2.4389192017093957
1.499881077868551 1.9403754951503256 -2.7162915305950768
9.896214685652156 -0.3342103141914126 1.3050955629917689
5.708123107636407 1.4684290170835073 -0.09744394646707198
2.030940308527348 -0.11604057107273438 3.4892897217508736
4.4835873761048575 -0.17871782399911348 -2.184244189623421
7.292717395355392 0.3820710194160588 -0.3840578710714909
1.1957311465274274 -1.6542057571643434 -1.2546289490518525
4.614213946179735 -0.4736579851885123 -0.6355854414162235
4.555130273779296 1.8733835745117053 0.41135034046808266
1.1105947747188942 0.8141733828210624 4.153867643976019
3.6683323704033066 1.650862027031808 0.3846173984626249
5.330293209788266 -2.1235730667100277 1.0515414636086047
8.983135424050902 0.9268379617308019 0.9704193409893452
1.009728750315424 -1.836566314550947 0.612421406985798
8.467899744512364 0.9150735547019172 0.3007448446585627
9.068956641456914 -0.007823201924301002 4.060221841098339
7.764393957606978 0.4239614438844222 -0.8046484329588661
2.0289510332713325 -2.5426703120348324 0.8946497670107684
5.554442084103132 0.6314660780557138 2.0841665143734067
4.2730430363253005 -1.97470867860399 -2.776188523894411
9.086445567696918 1.1782296517468935 -2.979154955129142
1.353967756573823 0.014928505718265256 0.3897508354774109
1.6684587648334448 2.3611593801757826 0.14065755918075476
2.5217380505203146 -2.407391935273356 -3.4348148449697637
2.6178267460662825 -3.2540690091766127 -0.7114919527451409
8.795557003368504 2.325724685873744 -3.2694741168119013
4.788195667389094 0.4593022167241591 -3.9502667535355784
7.212957370201961 3.7118080645577094 -0.1478998973938395
4.752182348796513 -2.4396462235013923 -3.3474379297211376
7.780963790437048 -3.2690981575961517 2.8288571751280784
3.9570911936453683 3.34267390106329 -1.1771952682662254
3.624383653608907 2.9876023067019335 -2.020979061751367
3.61110933496951 2.125030820819783 -2.9123449968446966
6.454840104214515 -0.6623113050309607 -2.872229468320114
2.4950131068192047 1.8317946920415555 3.900933122152455
7.274741137659106 -4.457900648655441 0.37318156148658377
3.0238712861761448 2.890558004438357 2.1183486706275785
2.2111459911364575 -0.76199769154695 -2.8800954926899944
3.932985622462196 -1.1342984683795783 2.261461273913923
9.98352450838886 -0.18497660429903434 -1.0756796800614856
8.113266082555873 0.21490828951597635 -4.1577515015064135
9.24600158091537 -0.189252291064484 2.0973174702890915
4.846359517016276 -0.021442144689449705 1.4667972187592084
4.691364218039983 -0.16432280206783045 0.4574298919658807
6.948957329905504 -1.6981512361534794 1.2136355994411994
5.678891910228976 -0.1380203889195109 -0.12894637597727082
8.335778657955913 -0.9247148682838423 -1.9538097621827106
8.681302615878279 -0.2931106855617193 0.5304283370848113
3.7590079508200915 1.655754259226186 1.1060484463326177
4.517878112084633 1.0992385352742293 1.1970192959047774
2.3899377435695905 0.05108165922452122 -6.790862793563284
4.553207992691142 1.462718029576205 -0.2092541216183099
7.116528859943402 -1.9888131636616666 -2.038987500317715
7.9262505103719745 0.23647705314961687 -4.004488756862761
2.8498804166352807 -3.413683686775087 -0.14614162988363033
5.854155938286022 -3.204499440591017 0.020846903953531892
1.874772834032481 4.301369787344918 -1.2326858957543636
6.273743085623172 2.706802098333225 -2.9437762675290915
3.196550373525445 -1.6503932972728408 0.11363205448231095
7.611562658062104 -1.8807872606303684 0.5053876689917388
4.9122182621126145 -1.0849386451952479 0.5886827701682888
4.238526037211396 0.003964138246109132 -2.732329478621277
3.03181492953838 0.23511243147513897 -1.5224473327275858
1.2248997647174242 -1.7841438361040098 -2.319905384202921
7.913511001891176 -4.035428690565997 2.2133429383666328
2.8152443341076414 2.5030230958842625 0.603270243287613
6.2235310652069025 -3.7560340220529813 1.9375518603794988
7.9780284327338125 0.13268777205238935 3.8471997821069874
2.0933604721926566 0.7748420112724627 3.5796583956935755
1.7522671152531188 -0.6599654328293143 1.5291941385203953
9.227952386926722 2.2640113772291666 -1.0966985646255951
3.801874520286904 1.2707150846807789 -2.1380884967044556
9.017341536893804 1.017650253396129 -3.3295462841456986
5.846288230420735 -0.1916788021788662 -2.502211033624188
8.116238820373885 -1.1028870154993466 -0.4552833716057339
8.341425987664607 -1.427607298031969 1.0755850014355353
6.931810852702343 -3.475707063938345 0.7859736036061267
9.48078836692803 -0.5727255093499295 5.234841234861935
6.6954877405091136 -3.354867879013878 -1.7444209965886872
3.9201745929685545 -1.0319049766819297 1.6276743433101606
6.457930754561775 0.3628810997861883 0.3021243814644414
6.093919707011947 3.1069760075246644 -0.7176481360500253
7.048017479615982 3.505749266172805 2.8235176233740407
8.397114460405819 1.6082766272976547 0.9834336980338939
1.89680645752327 -4.212622420194227 -1.2889114227901306
5.415368275312206 -1.4533579781899912 2.1087882146057804
6.428750686911742 -2.084705885334784 2.9391586188908287
3.1976711809494063 -3.451546885774386 -2.537543805588143
7.147575175910802 1.052148245150885 1.0816090081996244
7.694399298144055 0.6904881569356061 -4.955764197601322
1.3330227974672872 0.044296480051180885 0.9556763937685009
6.148067678077634 -1.4435340800572178 1.733137435618551
7.374295270989122 -0.9662506591612527 -3.237824557098867
6.449365222012729 -9.079946148575443 -3.1338900393514644
9.63625412614249 0.3804938256369086 -0.9111883004096676
3.2310599168819465 -3.1717574718005555 -0.28378016453488125
6.026695462541314 -0.6893287013839452 1.1079218177122985
5.971299695848413 -1.0174545957146013 1.3224728838027529
9.771900760701708 -1.2114065982600692 -1.2839280000174258
9.111293768471574 0.8300264930280601 2.2382985822047288
2.1384322166750707 1.0701438994337575 -2.2145183432852398
9.178663216013284 -0.8402394820020849 0.07626920684783091
8.869395897698144 0.2848539987599653 -1.1169153919370407
7.428096835782462 0.8794705820736499 -1.7387401213943137
5.012662315192972 -1.6771442658603029 2.8395853482657216
2.762462393368179 3.1865473571577736 -0.741811274638651
2.4297544487862814 0.5339502042764581 -0.786075683879231
8.32114943051955 2.9100412946927854 2.886443065843058
4.199656687161135 2.6044814032279873 0.3778100143829942
1.9875631685347543 -0.6509657155041787 1.2341996549270293
3.3688370628841104 1.4705569748140743 -3.1631355801042584
1.1186906452634977 -0.15517651326163145 0.4810936737249848
7.057506209129081 -1.3656156662163952 -2.3883464656506534
5.936273059129414 -0.8587828401579135 -2.898775609903266
9.86456882186595 -1.494909667161656 -0.6722895446734068
2.4301464658703376 1.754219087014433 3.0219137340645004
4.4057947540829225 -2.702731925390627 -5.934324362984737
7.010660673228175 4.91602807662284 -3.450868588035322
1.6909524621206455 -1.9116852182219788 0.45208558271086613
9.89224340116536 -4.7970855377552475 -2.847184426507347
9.382651435853955 -0.3286674040584733 -3.232770134506347
3.137516176591014 -0.3046669498847804 1.3301947188119458
6.958981922547696 4.474550500858693 3.091102198920363
1.8664740939189948 -0.33578806366495073 0.8029724934527572
4.153787642333723 0.2051376659296998 -2.7206508839360555
5.161939652154487 -0.05271715209327762 2.027577093638008
4.1577492137837195 2.226978313240146 2.47070913628742
6.332951892154249 -3.054292683369701 -1.3867519092808418
9.547025235881586 2.34128579576985 0.4421744359484633
5.21487347953911 0.2728110705591938 4.261386117690398
2.059789361705388 3.2061810314698453 -2.6262882802443746
2.5870416974167734 -2.994544296243539 0.2148158200029975
9.904478429472027 1.3022180769139604 -0.1398695107254283
9.792200411260048 -0.40594272491615185 -1.9946300608880743
1.2324479224285572 -0.25782796479319164 0.9658079002658672
7.6530666833809615 -2.989059122230888 2.6155541883526214
9.431252110968682 3.405692824500988 4.1904224866011885
9.783501125245802 -3.2372582022519247 1.3140429492935204
4.379969650052985 -3.5526563314470616 -0.6325453277752457
8.98182575714577 -1.3999743737421257 0.999093134372019
1.8273379816833686 -1.9717306167582458 -1.2487377805001398
8.35906853861852 1.2612774845878376 1.1375682247251608
1.0776517417712903 7.157072287722685 3.327093819952841
3.5263694743114513 4.203532756155561 5.515302912609323
6.3782141510068096 -1.6200526112676974 -3.1053898255984427
2.0653202340640378 -2.001622800876713 -1.2994771849154405
9.965412961668223 -3.865509146888898 -2.6832546789006537
3.9654027282941273 2.4597017349266763 -4.3503589557661595
9.390512325378085 -1.719416460235477 -1.9248036098920556
6.3846306389271685 -1.4618838359851387 -1.0615902441459224
4.065177045514065 1.5461496851104837 2.8371316624361946
7.6879098936112875 1.1467293406506829 6.03688474173854
9.768850988867575 3.626374406703596 2.088893902734954
1.4569082643090927 -2.4014266621754037 1.633204237147467
2.5225280092625924 -0.16669718855736484 3.9213029221363045
5.434367783112989 0.2045344254586196 -3.019556180732332
7.710890747206806 -1.3004380755649232 -2.572060075055124
9.360306460577208 -2.410008488729165 -1.0591901923376945
1.3922035191430875 1.194716501489545 -1.4280803916093203
1.7942164798581022 -0.9818462431783324 1.1856375259275036
6.434185701803067 -3.734450047162298 -0.578775231005353
6.937723702712443 -1.8290125792289709 -3.659455205173809
9.797506135400642 1.5623379879761827 0.6157488081430276
2.151572334261396 -2.092030651689159 -1.8314602031843035
8.614902724296458 0.8858299613259948 -3.465226577153159
4.537114796007244 -4.611717263641613 -1.1542333434292251
2.780131561086878 -3.1325788635580674 -2.0914054722979816
7.178015774916452 1.2413204973083958 0.3739209976957313
9.079090604025664 -3.186805229744379 -1.0904991726458797
7.175491789601411 5.460289877691394 4.5341995103077135
2.1226838996354793 1.3339377705798459 -0.055307243679008126
7.86602666418983 -3.432105921600733 2.9107539233754838
7.44940356008654 -2.336569588199506 1.2924425155743782
9.260951059279096 1.0700700688187599 -1.1104455492491034
7.664186437715545 0.12037957947554577 -3.7469905294929373
6.9026533511154495 -2.589776559463667 2.351698306628042
4.331734071993143 -0.3615162966415909 0.07729454614402706
2.3723378129715393 -1.6628875107146956 0.6731929205314043
8.001013375457 -2.2177505911923507 -1.3183133103490297
7.981151586266548 -2.00669773866264 1.1272428785949142
6.334405783746994 -3.068497802476752 -0.35932369881294535
6.129551293298067 0.8061772217203108 -0.586105934804767
8.175357533823856 -0.7192714329834262 0.2974335556346463
8.199738739897713 -0.7459737832337713 -0.5399449191205169
6.5054434917972195 -0.5793127886438088 1.3554237129327762
1.2851858840070185 -1.507739222363988 -1.541630159931382
1.0580989957100617 0.6122595471829793 -0.058304302247178814
4.123594134309254 2.4152401177431986 2.5725672920185043
6.500382732421815 3.18403254727472 1.114503001545427
3.426514570038181 2.020186535454287 3.959198360135856
5.11997443399221 0.10281982935137408 -1.923310164702988
2.2494240208915945 -1.7292596520877945 -2.372758517435469
6.906361563116754 -0.9715672366604088 -1.185079271321306
3.269933975661092 -0.8579650446463521 2.405243992845725
3.985449427488226 0.2517810380454256 -2.3738135153105255
5.424443420600925 1.52957411817222 -4.094360565770029
4.834656186333229 -0.9121424811988336 -5.286323220002438
5.41732604399788 -1.001738643755837 2.071718552415064
2.42155486151211 -0.11222940067248609 2.475136885986231
5.361304090826501 -4.389513286992072 -2.234406910477248
6.525577543358553 -1.9667965451346043 -1.5569908191175459
2.406336194043229 -1.8447905894580352 -2.444647895918646
2.1401460147073386 1.9782647373723765 1.9003535271458647
9.153059792209008 0.4319500260191313 -1.8517651084741082
6.649300297782065 -2.50394132547868 -3.307039635118414
9.519236770273126 4.401265371270647 0.8744426004775897
3.52191963416931 2.839846419087278 -0.05826969937338143
4.289922431052037 -0.38746549950413417 1.3370141549218642
3.5231123790163474 -5.235465196342701 -0.5574236721340851
2.930797441016622 -0.38319411709736795 2.755332289143224
2.6174145479072575 -3.002372379589156 2.917252375812616
7.554779142753934 -0.9743563953175285 -3.416098144462284
7.070661158581266 0.5185684328456529 0.5876148451600973
8.53913289733391 -2.3318588466000474 2.4200776351275515
6.724458301950856 2.2175511459604587 0.4090974508083462
3.527403126808171 0.9965676362095884 -0.0007844911514750836
8.64725997318011 -0.1654177520732025 -4.21680866400803
4.264609027379754 -1.9703427634438517 0.9670400015066208
3.3244751669996484 -2.1139389318400568 -5.108383987112293
2.20685314157637 -4.297037706830308 -4.701176016629373
8.683034024141694 -1.8311130529559019 -3.764206093142351
3.549779475080536 0.35745258853952616 -1.9404228534618586
9.028506871421635 -5.081094626191121 -1.9428780821366571
6.297129025445923 -0.7575084435346773 0.4037757631009298
7.207501880391302 1.2967869212936167 3.3847609311610123
3.735779577486429 2.4945999784864044 1.2954373585599002
4.562608309172472 0.9512983007931438 1.3288787333618124
3.0091482171483075 -0.7646525375098533 0.010919392522198148
5.545815289886009 -0.007404760012535222 0.7301557624392494
7.7198665230856705 -1.3084105158133943 -0.031800621740414196
5.359942634821292 1.8367597837949448 0.9260523722216375
4.878702682015391 -2.5856629175321024 1.6662053380708985
3.8959569709200323 0.3156093665960147 -1.5409971598039602
8.21757789316944 -2.392901512935136 -1.2720131039944742
5.409459970935209 2.226179926849949 -0.5757665600049678
8.008745927788457 4.961606178524104 -0.08040762243157362
3.3536311961013805 0.6159633222441827 0.5318536777799601
8.255461038675826 3.734583470130314 6.191805676166373
3.6605549486735938 -3.588115617974317 -3.006621557478704
3.1444581847190927 -0.22501788547636914 -0.8577805413145402
7.617944527946146 -2.6236666381814504 -0.13243496252086
6.236072976252727 -3.1506483422472495 0.3025474075423909
4.6495666453281235 -1.151799747824669 -0.4510090064693077
7.88890995361688 5.338598531857443 -2.675118248409781
8.457453309037035 -0.6829065543876646 -0.11714188047782507
7.539157864846547 -2.3720610809308367 -0.9239968431692176
4.060022507725505 -2.0943053498324113 -0.41337493128562264
3.6516957413614977 4.393522714192474 1.0247104761675678
7.937908764691043 -1.260196140466834 -0.1340041008948276
